249
97
105
244
218
244
262
200
101
250
170
170
170
170
154
154
154
154
169
169
169
169
145
244
2
57
220
195
172
57
193
3
83
4
83
83
269
145
243
197
197
243
149
243
250
244
197
1
155
252
243
81
153
153
244
170
169
-1
220
218
106
220
218
241
244
145
145
145
145
149
197
197
197
197
172
269
269
269
269
269
269
269
269
274
145
145
1
269
269
269
269
269
57
84
243
243
197
243
243
248
248
248
249
262
200
200
200
200
172
195
155
241
241
252
285
170
169
145
244
243
244
249
241
241
241
193
241
153
131
57
132
57
99
132
57
200
132
57
132
57
79
57
79
57
79
57
77
200
25
78
247
247
247
199
244
156
241
153
153
243
199
244
244
243
241
198
198
198
121
54
26
100
170
170
169
99
171
171
171
171
171
171
218
-1
274
244
153
195
195
244
244
79
156
220
220
262
243
244
244
244
244
244
244
263
252
252
252
29
145
145
156
153
252
79
145
156
263
241
243
244
83
25
155
26
145
195
195
245
245
245
248
248
248
197
198
145
29
245
29
30
31
29
29
29
30
31
29
30
31
26
29
30
31
145
145
269
269
269
145
29
29
30
29
29
197
243
149
269
29
30
31
241
244
244
145
218
244
197
199
244
243
200
197
244
153
200
199
193
193
193
193
193
193
193
193
193
193
193
193
193
193
193
193
193
193
1
220
220
220
220
220
220
218
218
218
218
218
218
145
145
26
29
145
145
30
31
149
1
149
57
145
83
26
1
4
26
202
202
202
202
200
200
1
200
83
1
200
1
200
25
25
83
196
26
4
25
-1
4
26
81
149
145
83
170
170
170
262
244
200
133
245
248
247
269
269
245
248
247
269
269
169
169
250
250
251
251
250
251
244
244
169
57
154
153
154
153
156
83
153
245
248
247
269
269
153
244
177
133
106
269
269
130
131
131
79
79
57
57
57
57
57
199
199
100
285
244
200
200
200
200
200
200
200
243
243
243
274
81
81
81
81
81
81
81
81
81
81
81
81
81
81
81
81
81
81
81
81
81
81
81
81
81
81
81
81
81
81
81
81
81
81
81
81
81
81
81
81
81
57
25
243
244
244
244
156
252
83
200
156
156
156
153
153
241
241
241
153
26
195
195
145
145
29
30
31
243
145
252
201
201
201
201
201
241
197
197
241
241
241
152
152
145
200
83
83
145
145
145
201
201
145
156
243
243
155
156
244
201
201
201
201
201
201
149
197
197
152
152
152
244
269
269
247
156
155
149
149
245
248
149
244
26
26
26
26
26
26
26
26
26
26
26
26
26
152
180
79
243
251
198
201
201
201
201
201
50
57
29
30
31
50
57
124
131
57
50
50
50
173
173
173
149
273
131
57
57
131
57
131
57
53
53
53
53
57
57
57
57
102
103
102
57
57
57
1
1
1
4
4
4
84
84
84
84
83
83
83
3
3
3
26
26
26
26
26
26
1
1
1
2
2
2
244
262
243
244
262
243
244
262
243
131
57
124
6
6
6
6
273
244
244
244
83
244
244
244
3
193
243
1
1
243
241
248
248
248
269
269
269
269
269
269
269
269
269
269
269
269
170
170
170
170
169
169
169
169
154
154
154
200
200
200
200
200
29
83
79
79
79
57
57
57
244
244
243
241
269
269
269
269
269
269
269
269
269
269
269
269
241
241
241
241
241
241
57
57
57
153
153
57
52
57
273
29
30
244
244
243
243
243
153
74
74
57
52
74
74
57
57
57
197
197
197
197
74
249
249
249
252
197
197
197
197
197
153
153
262
241
202
202
202
269
269
269
244
243
263
249
250
243
244
244
269
269
269
4
4
4
4
4
83
83
38
83
83
2
2
2
2
2
153
153
153
52
57
4
3
3
3
3
1
252
136
136
136
106
2
1
29
30
31
29
30
31
202
20
20
29
201
201
201
201
201
180
180
17
153
4
17
155
156
156
153
29
30
30
269
29
29
29
30
31
29
30
31
29
30
31
269
170
244
249
131
57
156
156
156
156
156
156
156
156
156
269
269
269
156
153
156
156
156
156
156
156
243
153
153
153
26
201
102
2
84
1
4
83
3
1
26
26
244
262
243
269
269
269
57
26
197
243
197
252
252
153
156
156
198
156
274
26
26
26
26
26
26
244
170
153
199
153
26
1
153
269
269
248
248
248
247
245
245
245
156
243
84
26
145
145
196
201
201
201
201
200
153
153
153
269
269
269
145
155
153
153
84
243
153
197
244
249
250
250
250
273
83
83
83
83
171
7
248
247
245
269
269
169
150
150
150
150
150
150
150
150
150
150
150
150
150
150
150
150
150
150
150
150
150
150
150
150
150
150
150
150
150
150
150
150
150
150
150
150
150
150
150
150
150
150
150
150
150
150
150
150
150
150
150
150
150
150
150
150
150
150
150
150
150
150
150
150
174
174
174
174
174
174
174
174
174
174
174
174
174
174
174
174
174
174
174
174
174
174
174
174
174
174
174
174
174
174
132
57
100
170
170
170
150
150
150
150
150
150
150
150
150
150
150
150
150
83
241
244
244
49
49
57
49
252
252
198
153
156
149
193
269
269
2
2
2
2
149
1
4
3
83
201
201
201
201
77
201
81
81
81
241
241
241
156
246
246
246
153
153
153
153
244
156
199
149
273
273
273
26
26
26
26
26
241
197
273
273
273
153
169
244
244
243
249
251
250
169
244
244
243
249
251
250
169
244
244
243
249
251
250
248
247
245
269
269
248
247
245
269
269
248
247
245
269
269
83
83
250
250
250
169
244
244
244
243
249
251
250
250
262
197
274
274
274
274
274
274
273
29
241
200
133
155
156
153
153
153
153
156
243
243
241
169
243
244
241
197
262
201
241
243
241
54
54
54
54
54
54
274
29
29
29
29
29
29
29
29
245
245
245
245
245
245
30
31
156
145
149
149
249
241
241
244
1
252
156
156
197
180
244
263
244
149
241
242
197
273
273
241
244
149
269
269
269
243
249
156
156
156
244
244
252
244
145
145
145
149
145
200
197
197
241
26
197
145
193
197
197
156
145
145
145
197
145
197
197
197
197
193
193
193
193
193
193
193
149
149
149
149
149
149
149
149
149
149
149
149
149
204
204
204
204
204
57
57
57
57
57
57
84
84
84
84
84
84
200
200
200
200
200
200
4
3
83
4
3
83
4
3
83
200
200
200
25
25
25
2
2
2
26
26
26
204
84
204
204
204
204
204
204
204
204
204
204
29
83
200
145
204
204
204
204
204
204
204
204
204
204
204
241
241
241
57
57
7
7
202
202
202
202
202
202
84
2
4
3
83
25
26
202
202
202
202
202
202
26
26
26
26
204
204
204
204
204
204
204
204
204
204
204
204
204
204
204
204
204
204
204
204
204
204
204
204
204
204
204
204
204
245
245
245
249
263
145
4
3
83
26
262
29
153
145
145
145
145
145
145
55
55
55
55
55
55
1
1
1
1
1
149
149
149
149
149
204
204
204
204
204
174
174
174
247
247
247
247
247
83
169
243
6
6
6
6
6
6
6
6
6
6
6
6
6
6
6
244
145
244
242
204
204
204
204
204
156
153
6
6
6
153
153
153
153
6
6
74
57
74
57
74
57
155
26
26
26
26
26
26
26
26
26
26
26
26
26
26
26
145
156
156
197
202
202
202
202
202
202
202
202
202
202
202
202
202
202
202
202
202
202
202
202
202
202
202
202
202
202
202
202
202
202
202
202
202
202
202
202
202
202
202
202
202
202
202
202
202
202
202
202
202
202
202
202
202
202
202
202
202
202
202
202
202
202
202
202
202
202
202
202
202
202
202
202
202
202
202
202
202
202
202
202
202
202
202
202
202
202
202
84
4
4
4
4
4
4
2
2
2
2
3
3
3
3
3
3
26
26
26
26
57
153
51
57
74
57
127
57
269
269
269
-1
-1
29
30
31
29
29
30
29
29
30
31
29
30
31
29
30
31
29
30
29
30
31
29
30
31
29
30
31
29
30
31
29
29
30
31
30
31
29
30
173
30
31
29
30
29
30
31
243
197
243
197
252
196
29
30
31
83
4
2
3
83
84
153
273
273
274
242
242
-1
-1
-1
-1
-1
200
199
273
145
200
26
4
2
3
83
84
29
30
29
30
31
29
244
244
244
220
274
153
145
269
269
269
243
197
285
29
30
31
29
30
31
149
156
204
204
204
204
204
30
31
30
31
149
149
29
156
200
153
153
153
153
156
156
153
-1
-1
173
243
153
50
50
50
50
50
50
50
50
50
50
50
50
50
50
50
50
50
50
50
50
50
50
50
50
50
50
50
50
50
50
50
50
50
50
29
29
204
244
243
196
196
199
275
274
274
249
244
196
196
156
7
177
2
4
3
273
244
243
241
241
29
30
31
29
30
31
29
30
29
30
31
29
30
31
26
244
57
57
57
57
57
57
57
57
57
57
149
273
149
149
149
26
26
26
174
174
174
150
201
201
201
201
201
201
201
150
150
150
150
150
150
150
150
150
150
29
29
26
150
252
217
200
217
217
217
217
217
217
217
217
217
217
217
200
217
217
57
57
57
57
57
57
57
217
217
217
217
217
26
26
26
26
26
26
26
26
26
26
26
26
200
200
200
200
200
200
200
200
200
200
200
200
200
200
200
200
200
200
200
200
200
200
200
200
200
200
200
200
200
200
200
200
200
200
26
26
26
26
26
26
26
26
26
26
26
26
26
26
26
26
200
200
200
200
200
200
200
200
200
200
200
200
200
200
200
200
200
200
200
200
200
200
5
5
5
5
5
5
5
5
5
5
204
204
204
204
204
129
121
217
217
217
26
26
26
26
26
200
200
200
200
200
200
26
26
26
26
26
26
200
200
200
200
200
200
200
200
200
200
200
200
200
200
200
217
217
57
57
57
145
25
25
25
25
25
25
25
57
57
220
83
75
25
25
249
1
25
25
25
25
25
25
25
25
25
25
241
245
25
25
83
83
83
83
83
83
83
248
248
248
248
83
83
217
25
25
25
195
57
57
57
57
177
177
177
177
145
155
155
155
29
243
200
200
200
200
4
83
1
26
26
26
25
25
200
26
26
26
26
26
25
25
25
26
26
26
3
1
1
83
83
83
26
26
26
25
25
3
126
53
53
57
57
2
196
196
196
243
243
57
7
244
200
245
17
248
30
245
153
204
204
204
17
17
17
17
4
276
217
276
276
276
276
276
276
217
217
217
217
217
217
217
217
217
217
217
217
217
217
217
217
217
217
217
217
217
217
217
217
217
193
193
193
193
193
193
193
193
244
244
244
57
185
185
185
-2
-2
-2
84
249
250
286
193
193
193
193
193
193
193
193
193
193
193
193
193
220
218
193
274
246
246
246
242
242
242
276
276
276
242
242
242
178
178
178
26
26
26
26
26
26
26
26
26
26
1
1
1
1
1
1
1
1
1
1
1
4
4
4
4
4
4
4
4
4
4
4
4
4
4
4
4
4
4
4
4
29
30
31
273
276
276
153
244
196
196
196
275
275
275
145
57
57
57
74
217
217
217
25
25
25
204
204
204
204
149
149
149
149
276
276
276
276
276
276
276
276
276
276
276
276
276
276
276
276
276
276
276
276
276
276
276
276
276
276
276
276
276
276
276
276
276
276
276
276
276
276
276
149
25
275
201
5
153
204
25
204
29
30
31
29
275
104
125
57
57
57
57
269
269
269
269
269
269
243
262
244
84
26
26
4
200
200
4
200
1
4
2
1
200
26
3
200
84
242
26
26
26
4
200
200
4
200
1
1
200
200
26
84
3
242
26
26
4
200
200
4
200
1
26
2
1
200
200
26
84
26
26
26
200
200
4
200
1
26
2
1
200
200
26
84
4
3
242
274
198
273
5
149
198
26
26
26
26
26
26
26
26
26
26
26
26
26
26
26
26
145
244
153
7
244
1
1
1
1
1
1
1
1
1
242
241
241
243
25
25
84
84
84
84
83
83
83
4
4
4
1
1
1
1
200
200
200
200
200
200
200
200
200
200
200
200
200
200
200
200
200
26
26
26
26
26
26
200
200
200
200
200
26
26
26
81
149
276
276
276
57
57
57
57
57
57
57
57
57
57
57
57
57
57
57
74
56
56
56
57
56
57
1
201
56
81
81
81
81
81
81
81
81
81
81
81
81
81
81
81
81
81
81
81
81
81
81
81
81
81
81
81
81
81
81
81
81
81
81
81
81
201
84
217
25
26
3
84
244
262
243
1
242
242
56
56
56
56
56
193
247
247
247
245
245
245
248
248
248
145
149
275
275
153
275
250
250
251
262
249
250
250
251
262
249
250
250
251
262
249
56
57
57
57
57
79
79
74
241
243
243
251
177
274
29
29
29
30
31
29
30
31
26
26
26
4
200
1
2
26
26
200
200
200
26
84
4
3
200
84
83
83
83
83
83
83
83
83
83
83
83
83
83
83
83
83
83
83
83
83
83
83
83
83
83
83
83
83
83
29
29
30
30
74
57
29
150
150
204
204
204
56
150
150
150
150
150
150
150
150
150
150
150
244
-1
241
150
150
150
145
218
243
217
217
217
217
217
217
217
198
202
202
202
202
202
202
202
202
202
202
202
202
202
202
202
202
202
202
202
202
202
202
202
202
202
202
202
202
202
202
202
202
202
202
202
202
202
202
202
202
202
202
202
202
202
202
202
202
202
202
202
202
202
202
202
202
202
202
202
202
202
202
202
202
202
202
202
202
202
202
202
202
202
202
202
202
202
202
202
202
202
202
202
202
202
202
202
202
202
202
202
202
202
202
202
202
202
202
204
84
193
156
83
83
193
200
197
200
84
241
243
243
197
197
197
244
244
241
156
156
153
244
243
274
274
274
274
150
150
150
150
150
243
244
252
252
180
180
180
178
178
150
150
150
150
150
285
26
200
26
26
26
26
26
241
243
241
244
204
204
204
204
204
273
177
285
244
26
244
107
57
180
241
25
25
25
25
25
25
25
84
84
84
84
107
57
57
154
173
107
107
57
57
156
149
149
173
243
154
154
156
244
154
79
57
154
156
156
241
244
243
197
269
156
145
200
74
200
198
198
200
154
154
178
154
154
154
154
1
26
26
26
2
2
2
1
1
1
200
200
200
200
200
200
26
26
26
84
84
84
83
83
83
4
4
4
3
3
3
83
83
83
26
26
26
26
26
26
26
26
26
200
200
200
200
200
200
4
4
4
200
200
200
1
1
252
252
252
252
252
269
269
269
150
217
217
217
217
196
198
199
26
252
153
153
26
185
185
185
185
185
185
241
243
244
156
252
74
84
84
84
84
84
84
84
84
156
156
153
6
6
153
-2
-2
-2
-2
-2
74
26
26
26
57
2
2
153
29
30
31
156
30
31
29
242
153
153
153
25
25
25
25
25
244
150
275
169
244
29
30
31
29
30
31
241
1
121
121
57
133
133
133
133
244
244
244
244
244
244
244
244
244
244
244
244
244
244
244
179
179
179
179
179
179
179
179
179
179
179
179
179
179
179
179
179
179
179
179
179
179
244
244
244
173
173
173
173
173
173
173
173
173
173
173
173
173
173
173
156
156
196
156
155
133
133
57
57
57
57
57
57
57
123
57
244
243
244
244
286
145
145
145
149
149
149
252
252
30
31
25
25
156
275
244
7
26
26
5
5
247
247
247
241
199
199
123
246
246
246
252
150
150
150
150
179
202
202
202
202
202
202
202
202
202
202
202
202
202
202
202
202
202
202
202
202
202
202
202
202
202
202
202
202
202
202
202
202
202
202
202
202
202
202
202
202
202
202
202
202
202
202
202
202
202
202
202
202
202
202
202
202
202
202
202
202
202
202
202
-1
-1
-1
145
145
145
145
170
169
250
250
251
262
249
169
153
153
153
153
57
244
242
243
241
199
29
30
243
262
250
244
244
249
243
262
250
244
244
249
243
262
250
244
244
249
243
262
250
244
244
249
243
262
250
244
244
249
243
262
250
244
244
249
243
262
250
244
244
249
263
263
263
263
150
150
150
150
150
242
196
150
150
150
149
149
149
149
232
241
241
244
195
201
243
198
198
83
150
150
150
150
150
150
150
150
150
150
150
150
150
217
217
25
25
197
197
242
241
242
274
79
79
79
79
285
6
6
153
6
153
6
57
6
6
6
153
6
6
6
153
202
202
149
204
150
150
150
150
149
201
201
201
201
201
201
201
201
201
201
201
201
201
201
201
201
201
201
201
55
55
274
201
201
201
29
273
201
201
201
201
55
55
55
55
55
55
55
55
55
55
55
55
55
55
55
55
55
55
81
81
81
81
81
81
81
81
81
81
81
81
201
1
201
201
201
201
201
201
201
201
201
201
201
201
201
201
201
201
201
201
201
201
201
201
201
201
201
201
201
201
201
201
201
201
201
201
201
201
201
201
201
201
-1
-1
201
81
81
81
81
81
81
81
81
81
81
81
81
81
178
201
26
26
-1
201
201
201
201
17
17
29
29
30
31
67
67
67
84
84
84
67
67
67
67
26
7
67
25
25
57
57
57
56
56
56
29
30
31
57
57
57
29
244
244
244
244
244
244
31
275
244
29
30
31
242
242
242
241
202
156
252
145
31
30
29
241
243
202
202
202
202
202
145
25
26
269
269
269
269
269
269
269
269
269
269
269
269
156
156
156
156
1
26
202
149
149
242
242
242
243
-1
244
242
242
242
244
249
242
242
242
242
242
242
244
244
202
202
202
202
202
202
202
202
202
202
-1
-1
-1
-1
-1
241
-1
243
273
285
273
244
243
173
-1
-1
5
5
5
149
149
149
26
241
246
246
246
245
245
245
243
243
243
246
246
246
153
1
1
201
201
2
4
200
200
200
200
200
26
83
26
26
26
26
26
26
84
84
84
84
84
84
83
83
1
1
1
1
26
26
26
4
4
3
6
6
6
153
6
6
6
153
6
243
26
26
26
1
200
200
4
200
1
26
2
200
200
26
84
83
4
3
83
201
79
57
79
57
74
57
84
26
26
26
200
200
4
200
1
26
2
26
200
200
26
83
4
3
83
201
1
-1
182
182
182
182
182
182
182
182
182
201
180
153
155
156
153
153
153
153
156
156
156
155
155
156
156
156
156
156
156
269
196
196
196
196
196
196
196
196
196
196
196
196
196
196
196
196
196
196
196
196
196
196
196
196
196
196
196
196
196
156
252
252
220
220
220
220
220
220
220
220
252
106
121
57
57
149
153
177
7
-1
249
243
244
241
7
3
3
286
286
217
217
217
24
24
24
7
24
1
26
26
26
26
26
26
25
25
25
25
25
25
26
74
74
252
252
252
252
4
4
4
4
4
4
4
4
4
4
4
4
4
4
4
4
4
4
4
4
4
4
4
4
4
4
4
4
4
4
4
4
29
30
31
1
29
30
31
29
30
31
29
78
57
4
83
-1
244
26
26
26
1
200
200
4
200
1
26
2
200
200
26
84
83
4
3
83
201
4
26
26
26
1
200
200
4
200
1
26
2
200
200
26
84
83
4
3
83
201
4
26
26
26
1
200
200
4
200
1
26
2
200
200
26
84
83
4
3
83
201
4
26
26
26
1
200
200
4
200
1
26
0
200
200
26
84
83
4
3
83
201
4
79
79
79
79
57
57
57
57
26
132
132
132
220
180
180
180
180
180
180
180
180
180
180
180
180
180
180
245
274
244
244
54
201
252
252
275
1
201
1
201
242
241
149
244
242
217
25
81
56
56
57
57
242
196
196
196
196
196
196
196
196
196
196
196
196
196
196
196
196
26
26
26
1
200
200
4
200
26
2
200
200
26
84
83
4
3
83
4
263
149
25
25
30
31
29
30
276
25
25
25
25
25
25
25
25
217
217
217
217
217
217
217
153
81
199
199
173
252
241
241
218
218
218
218
218
218
81
26
26
26
217
81
217
217
217
25
273
273
7
7
7
7
7
7
217
217
217
25
218
218
7
25
243
149
200
200
200
200
200
200
218
201
124
74
276
276
217
25
81
25
25
173
217
217
196
153
185
185
185
185
180
217
196
145
145
145
2
84
26
217
217
25
26
26
198
57
273
286
286
286
286
25
25
25
25
25
25
25
25
25
25
25
25
276
286
275
197
197
197
197
197
286
286
286
286
286
286
286
197
197
197
252
25
25
244
217
217
81
286
286
286
286
286
286
25
25
25
25
193
193
193
217
25
217
25
201
201
57
57
57
57
57
57
57
57
57
57
57
57
57
57
57
57
57
57
57
57
57
57
57
57
57
57
57
57
57
57
57
57
57
57
57
57
57
57
57
57
57
57
57
57
57
57
57
57
57
57
57
57
57
57
57
202
202
202
202
202
202
128
57
29
273
273
7
201
107
29
30
31
29
29
29
29
29
29
128
57
26
26
26
1
200
200
4
200
1
26
2
200
200
26
84
83
4
3
83
201
4
252
252
252
252
252
252
252
252
252
252
252
252
149
149
149
202
273
273
273
26
242
276
25
7
7
7
7
196
196
196
196
196
196
196
196
196
196
196
196
204
204
204
204
204
204
204
204
204
204
204
204
204
204
108
108
108
108
108
108
108
57
7
7
7
7
29
30
31
25
25
25
204
204
204
204
150
150
30
31
29
57
174
7
7
7
242
7
7
7
7
7
242
242
242
7
7
7
7
29
30
202
202
26
26
26
26
26
26
200
200
200
200
200
200
273
200
243
29
30
31
7
29
30
26
252
1
201
149
241
275
25
25
25
25
25
-1
204
204
204
204
204
204
204
153
4
6
6
6
273
273
273
29
30
29
30
31
7
30
286
153
29
30
31
153
29
30
31
153
29
30
31
242
274
244
29
17
286
244
7
7
180
29
30
29
30
29
30
29
30
200
273
150
29
30
31
173
149
5
275
275
275
244
244
244
275
275
275
275
275
275
273
273
273
273
273
273
273
273
273
273
273
273
273
273
273
285
273
273
273
273
273
244
252
252
252
153
153
198
198
198
198
275
7
7
217
217
217
217
217
217
217
217
217
217
217
217
217
217
217
25
217
25
217
25
220
220
220
220
220
220
220
25
25
25
25
25
25
25
25
25
25
25
25
193
220
252
246
153
201
201
185
185
185
25
178
25
25
25
25
25
25
25
25
25
25
25
25
25
25
248
247
245
246
269
269
25
25
25
25
25
220
198
198
7
242
242
242
242
197
201
201
201
201
201
201
26
244
149
149
149
149
149
149
149
149
149
149
149
149
149
149
149
149
149
149
149
149
149
149
149
149
149
149
149
201
241
243
153
29
244
173
149
5
273
149
129
25
25
202
202
202
202
202
202
202
202
202
202
202
202
202
153
26
274
275
269
269
269
26
7
156
149
153
26
26
26
4
29
29
29
30
30
30
153
269
185
185
29
242
26
30
25
25
180
244
244
-1
26
26
26
26
26
26
26
26
26
26
26
26
26
26
26
26
26
26
26
26
26
26
26
26
26
26
26
196
196
149
26
29
30
31
29
30
31
29
30
31
29
30
31
29
30
31
31
29
30
31
178
241
26
-1
246
242
145
29
30
31
242
17
17
17
30
31
17
26
26
26
26
204
204
204
273
273
273
273
196
196
244
250
244
244
273
29
196
29
30
31
29
29
29
153
149
5
149
173
26
180
242
30
31
243
241
242
149
204
204
204
204
286
143
131
131
244
275
273
217
25
252
201
29
26
26
178
178
178
178
178
178
178
178
241
26
26
26
1
200
200
4
200
1
26
2
200
200
26
84
83
4
3
145
201
4
26
26
26
1
200
200
4
200
1
26
2
200
200
26
84
83
4
3
145
201
4
26
26
26
1
200
200
4
200
1
26
2
200
200
26
84
83
4
3
145
201
4
193
217
25
220
102
57
57
204
204
204
204
204
204
204
204
204
204
204
204
204
204
204
204
204
204
204
204
204
204
204
204
204
204
204
204
204
204
204
204
204
204
204
204
204
204
204
204
204
204
204
204
204
204
204
204
204
204
204
204
204
204
204
204
204
196
273
196
196
269
269
269
243
262
244
196
26
26
286
196
29
57
84
200
244
252
252
273
244
26
217
25
252
252
252
29
74
57
204
252
204
217
217
217
25
25
25
81
81
81
25
25
200
252
252
1
196
198
196
252
252
153
273
273
149
252
196
196
196
196
196
196
196
196
174
201
201
149
197
106
217
200
202
200
156
156
145
26
154
154
154
154
26
57
252
57
57
57
57
57
57
57
57
57
57
57
57
197
197
197
197
26
244
201
201
29
20
31
204
204
29
252
197
197
197
74
57
57
131
57
131
131
131
131
131
131
131
131
131
57
57
57
57
57
57
57
57
131
57
131
57
131
57
131
57
131
57
131
57
131
57
131
57
131
57
131
57
154
220
131
131
131
131
131
131
57
57
57
57
57
57
252
180
